No.1 cluster:
1. (20, 26)
2. (24, 35)
3. (2, 45)
No.2 cluster:
1. (58, 24)
2. (49, 4)
3. (45, 24)
4. (50, 1)
5. (63, 12)
6. (44, 4)
7. (49, 24)
8. (49, 16)
9. (60, 8)
10. (49, 19)
11. (62, 14)
No.3 cluster:
1. (32, 18)
2. (37, 6)
3. (26, 21)
4. (37, 2)
5. (3, 6)
6. (14, 3)
7. (32, 12)
8. (16, 9)
9. (11, 11)
10. (10, 10)
11. (35, 11)
12. (23, 13)
No.4 cluster:
1. (69, 34)
2. (58, 55)
3. (60, 45)
4. (70, 59)
5. (55, 53)
6. (50, 39)
7. (54, 60)
8. (68, 47)
9. (68, 45)
10. (63, 51)
11. (55, 48)
12. (73, 41)
13. (50, 63)
14. (71, 37)
15. (76, 37)
16. (58, 40)
No.5 cluster:
1. (81, 19)
2. (90, 26)
3. (70, 23)
4. (84, 17)
5. (92, 3)
6. (77, 2)
7. (74, 14)
8. (90, 7)
9. (90, 7)
10. (77, 22)
No.6 cluster:
1. (11, 98)
2. (3, 85)
3. (9, 60)
4. (2, 75)
5. (4, 88)
6. (11, 74)
7. (3, 75)
8. (4, 66)
No.7 cluster:
1. (40, 39)
2. (22, 61)
3. (28, 45)
4. (24, 55)
5. (38, 39)
6. (24, 47)
No.8 cluster:
1. (58, 83)
2. (79, 84)
3. (96, 100)
4. (64, 69)
5. (56, 86)
6. (87, 85)
7. (76, 82)
8. (61, 70)
9. (87, 82)
10. (70, 81)
11. (88, 89)
12. (98, 98)
13. (61, 80)
14. (80, 78)
15. (59, 98)
No.9 cluster:
1. (81, 45)
2. (84, 47)
3. (91, 66)
4. (83, 60)
5. (89, 36)
6. (85, 39)
7. (86, 69)
8. (90, 44)
9. (91, 65)
No.10 cluster:
1. (32, 70)
2. (40, 97)
3. (44, 85)
4. (39, 77)
5. (47, 76)
6. (33, 76)
7. (20, 99)
8. (48, 72)
9. (25, 66)
10. (28, 74)
Execution time: 0.100706 minutes